0453333220232300020202000000000200
4063000400000500010202000000002000
5603000451000300000000000002200030
3330000300003300000000000000000000
3000002000300000000000000000000000
3000005000300000300000000000000000
3000250000000000300000000000000000
2443000000000000000000000000000000
2050000000000000000000000000003043
0010000000000000000000000000000002
2000330000000000000000000000000000
3000000000000000000000000000000000
2003000000000000000000000000000000
3533000000000000000000000000000003
0000000000000000000000000000000032
0000000000000000000000000000000034
0000033000000000000000000000000000
2100000000000000000000000000000000
0000000000000000000000000000000012
2200000000000000000000000000000001
0000000000000000000000000000000031
2200000000000000000000000000000000
0000000000000000000000000000000020
0000000000000000000000000504020054
0000000000000000000000000203000200
0000000000000000000000052000000700
0000000000000000000000000000040002
0020000000000000000000043000000004
0020000000000000000000000000000202
0000000000000000000000020040000042
0200000030000000000000000000000033
2000000000000000000000002700200044
0030000040000033001030250000043405
0000000032000324002110340024223450